experiment_0:
  description: ''
  test_anger_f1: 0.7454545454545455
  test_anticipation_f1: 0.42379182156133827
  test_disgust_f1: 0.7194492254733219
  test_fear_f1: 0.44805194805194803
  test_jaccard_score: 0.4721333964049196
  test_joy_f1: 0.7797147385103012
  test_love_f1: 0.5956284153005464
  test_macro_f1: 0.5153759778087271
  test_micro_f1: 0.5992402659069326
  test_optimism_f1: 0.5738758029978587
  test_pessimism_f1: 0.2564102564102564
  test_sadness_f1: 0.6653465346534654
  test_surprise_f1: 0.22429906542056074
  test_trust_f1: 0.23711340206185566
