experiment_0:
  description: ''
  test_anger_f1: 0.7783783783783784
  test_anticipation_f1: 0.3333333333333333
  test_disgust_f1: 0.7360861759425493
  test_fear_f1: 0.44155844155844154
  test_jaccard_score: 0.5117218543046358
  test_joy_f1: 0.8068535825545171
  test_love_f1: 0.6026666666666667
  test_macro_f1: 0.5334517968865434
  test_micro_f1: 0.6329901843428298
  test_optimism_f1: 0.7153558052434457
  test_pessimism_f1: 0.3188405797101449
  test_sadness_f1: 0.6805845511482255
  test_surprise_f1: 0.20168067226890757
  test_trust_f1: 0.25263157894736843
