experiment_0:
  description: ''
  test_admiration_f1: 0.45217391304347826
  test_anger_f1: 0.25
  test_fear_f1: 0.25
  test_jaccard_score: 0.3203463203463203
  test_joy_f1: 0.358974358974359
  test_macro_f1: 0.3059225841591098
  test_micro_f1: 0.3340961098398169
  test_optimism_f1: 0.2127659574468085
  test_sadness_f1: 0.3508771929824561
  test_surprise_f1: 0.26666666666666666
