experiment_0:
  description: ''
  test_admiration_f1: 0.4084084084084084
  test_anger_f1: 0.5700483091787439
  test_fear_f1: 0.43137254901960786
  test_jaccard_score: 0.39667414050822125
  test_joy_f1: 0.6794871794871795
  test_macro_f1: 0.5066010397947058
  test_micro_f1: 0.52311939268461
  test_optimism_f1: 0.463768115942029
  test_sadness_f1: 0.5959595959595959
  test_surprise_f1: 0.3971631205673759
