experiment_0:
  description: ''
  test_hate_f1: 0.4864864864864865
  test_jaccard_score: 0.495
  test_macro_f1: 0.4956552296977829
  test_micro_f1: 0.495
  test_normal_f1: 0.5815602836879432
  test_offensive_f1: 0.4189189189189189
