experiment_0:
  description: ''
  test_authority_f1: 0.4
  test_care_f1: 0.6813186813186813
  test_equality_f1: 0.6285714285714286
  test_jaccard_score: 0.3920833333333333
  test_loyalty_f1: 0.5098039215686274
  test_macro_f1: 0.4571690315935841
  test_micro_f1: 0.53125
  test_proportionality_f1: 0.08695652173913043
  test_purity_f1: 0.43636363636363634
