experiment_0:
  description: ''
  test_authority_f1: 0.45714285714285713
  test_care_f1: 0.7045454545454546
  test_equality_f1: 0.5666666666666667
  test_jaccard_score: 0.4258333333333333
  test_loyalty_f1: 0.6086956521739131
  test_macro_f1: 0.49506399397703743
  test_micro_f1: 0.564625850340136
  test_proportionality_f1: 0.1
  test_purity_f1: 0.5333333333333333
