experiment_0:
  description: ''
  test_authority_f1: 0.09481859279007766
  test_care_f1: 0.30102181717757526
  test_equality_f1: 0.18848451928299836
  test_jaccard_score: 0.0966098411468423
  test_loyalty_f1: 0.08823529411764706
  test_macro_f1: 0.13435618320713053
  test_micro_f1: 0.15150812064965197
  test_proportionality_f1: 0.07253269916765755
  test_purity_f1: 0.06104417670682731
