experiment_0:
  description: ''
  test_authority_f1: 0.34285714285714286
  test_care_f1: 0.5333333333333333
  test_equality_f1: 0.5633802816901409
  test_jaccard_score: 0.2895833333333333
  test_loyalty_f1: 0.29411764705882354
  test_macro_f1: 0.3822814008232401
  test_micro_f1: 0.43636363636363634
  test_proportionality_f1: 0.16
  test_purity_f1: 0.4
