experiment_0:
  description: ''
  test_admiration_f1: 0.3058823529411765
  test_anger_f1: 0.4146341463414634
  test_fear_f1: 0.3783783783783784
  test_jaccard_score: 0.2853535353535353
  test_joy_f1: 0.5576923076923077
  test_macro_f1: 0.40427883313338436
  test_micro_f1: 0.4051863857374392
  test_optimism_f1: 0.4857142857142857
  test_sadness_f1: 0.3620689655172414
  test_surprise_f1: 0.32558139534883723
