experiment_0:
  description: ''
  test_authority_f1: 0.13285684254782426
  test_care_f1: 0.39721764598206116
  test_equality_f1: 0.28994082840236685
  test_jaccard_score: 0.26756425158207414
  test_loyalty_f1: 0.1203342618384401
  test_macro_f1: 0.18801639816456714
  test_micro_f1: 0.20511283346893333
  test_proportionality_f1: 0.0989399293286219
  test_purity_f1: 0.0888088808880888
