experiment_0:
  description: ''
  test_admiration_f1: 0.42857142857142855
  test_anger_f1: 0.2641509433962264
  test_fear_f1: 0.32653061224489793
  test_jaccard_score: 0.3445165945165945
  test_joy_f1: 0.43902439024390244
  test_macro_f1: 0.35830541377830355
  test_micro_f1: 0.36554621848739494
  test_optimism_f1: 0.4727272727272727
  test_sadness_f1: 0.29508196721311475
  test_surprise_f1: 0.28205128205128205
experiment_1:
  description: ''
  test_admiration_f1: 0.5106382978723404
  test_anger_f1: 0.26666666666666666
  test_fear_f1: 0.3181818181818182
  test_jaccard_score: 0.34776334776334783
  test_joy_f1: 0.41025641025641024
  test_macro_f1: 0.3541141885682207
  test_micro_f1: 0.3695652173913043
  test_optimism_f1: 0.3673469387755102
  test_sadness_f1: 0.23728813559322035
  test_surprise_f1: 0.3684210526315789
