experiment_0:
  description: ''
  test_authority_f1: 0.39473684210526316
  test_care_f1: 0.48484848484848486
  test_equality_f1: 0.5135135135135135
  test_jaccard_score: 0.33044554455445546
  test_loyalty_f1: 0.375
  test_macro_f1: 0.4279598803155679
  test_micro_f1: 0.4358974358974359
  test_proportionality_f1: 0.3157894736842105
  test_purity_f1: 0.4838709677419355
