experiment_0:
  description: ''
  test_authority_f1: 0.5
  test_care_f1: 0.6813186813186813
  test_equality_f1: 0.5538461538461539
  test_jaccard_score: 0.44375
  test_loyalty_f1: 0.64
  test_macro_f1: 0.5316074121956476
  test_micro_f1: 0.5650793650793651
  test_proportionality_f1: 0.35294117647058826
  test_purity_f1: 0.46153846153846156
