experiment_0:
  description: ''
  test_authority_f1: 0.31666666666666665
  test_care_f1: 0.41025641025641024
  test_equality_f1: 0.42857142857142855
  test_jaccard_score: 0.26435643564356437
  test_loyalty_f1: 0.16326530612244897
  test_macro_f1: 0.31892184224116993
  test_micro_f1: 0.3504132231404959
  test_proportionality_f1: 0.20588235294117646
  test_purity_f1: 0.3888888888888889
