experiment_0:
  aggregate_unary_hate:
    jaccard_score: 0.03
    macro_f1: 0.02912621359223301
    micro_f1: 0.05825242718446602
    reasonable_f1: 0.05825242718446602
    unreasonable_f1: 0.0
  aggregate_unary_normal:
    jaccard_score: 0.01
    macro_f1: 0.009900990099009901
    micro_f1: 0.019801980198019802
    reasonable_f1: 0.019801980198019802
    unreasonable_f1: 0.0
  aggregate_unary_offensive:
    jaccard_score: 0.05
    macro_f1: 0.047619047619047616
    micro_f1: 0.09523809523809523
    reasonable_f1: 0.09523809523809523
    unreasonable_f1: 0.0
  description: ''
