experiment_0:
  description: ''
  test_admiration_f1: 0.3640555791517505
  test_anger_f1: 0.3892911711951106
  test_fear_f1: 0.2306885704299196
  test_jaccard_score: 0.32300737157337023
  test_joy_f1: 0.413066000365653
  test_macro_f1: 0.3346152931969718
  test_micro_f1: 0.36161045091527844
  test_optimism_f1: 0.2651877133105802
  test_sadness_f1: 0.36589698046181174
  test_surprise_f1: 0.31412103746397696
